Version 0.9.7
5
 4 10 175 77 128 0 1
 5 80 400 206 81 2 2
 0 160 160 877 276 8 3
 1 1052 199 206 81 140 4
 3 1075 299 203 58 150 5
 0
10
 16711680 5 382 174 382 174 382 174 382 226 382 226 382 226 0 3 0 3
 16711680 5 71 189 71 189 71 170 213 170 213 174 213 174 0 1 0 3
 16711680 5 71 288 71 288 71 408 71 408 213 408 213 408 0 1 0 3
 16711680 5 460 369 460 369 460 369 460 408 460 408 460 408 0 3 0 3
 16711680 5 1067 210 1067 210 1067 154 980 154 980 174 980 174 0 4 0 3
 16711680 5 1067 268 1067 268 1067 408 1067 408 980 408 980 408 0 4 0 3
 16711680 5 395 239 395 239 395 217 1108 217 1108 236 1108 236 0 3 0 4
 16711680 5 408 252 408 252 408 231 1127 231 1127 236 1127 236 0 3 0 4
 16711680 5 421 252 421 252 421 287 1133 287 1133 343 1121 343 0 3 0 5
 16711680 5 1086 336 1086 336 1086 386 967 386 967 408 967 408 0 5 0 3
1
 7000 1 14 376 278 5 0 0 0 3
