Version 0.9.7
5
 4 10 175 77 128 0 1
 5 80 400 206 81 2 2
 0 268 144 877 276 8 3
 1 385 36 206 81 140 4
 3 409 448 203 58 150 5
 0
10
 16711680 5 321 158 321 158 321 191 71 191 71 189 71 189 0 3 0 1
 16711680 5 71 288 71 288 71 392 71 392 321 392 321 392 0 1 0 3
 16711680 5 451 158 451 158 451 158 451 210 451 210 451 210 0 3 0 3
 16711680 5 529 353 529 353 529 353 529 392 529 392 529 392 0 3 0 3
 16711680 5 451 353 451 353 442 353 442 492 455 492 455 492 0 3 0 5
 16711680 5 420 485 420 485 420 392 420 392 425 392 425 392 0 5 0 3
 16711680 5 399 392 399 392 399 105 399 105 400 105 400 105 0 3 0 4
 16711680 5 347 158 347 158 347 47 347 47 400 47 400 47 0 3 0 4
 16711680 5 464 340 464 340 468 340 468 60 479 60 479 60 0 3 0 4
 16711680 5 477 340 477 340 487 340 487 60 498 60 498 60 0 3 0 4
1
 7002 1 14 445 262 5 0 0 0 3
