Version 0.9.7
5
 4 10 175 77 128 0 1
 5 80 400 206 81 2 2
 0 150 150 877 276 8 3
 1 285 33 206 81 140 4
 3 584 34 203 58 150 5
 0
9
 16711680 5 300 44 300 44 216 44 216 44 216 164 216 164 0 4 0 3
 16711680 5 203 164 203 164 71 164 71 164 71 189 71 189 0 3 0 1
 16711680 5 300 102 300 102 242 102 242 102 242 398 242 398 0 4 0 3
 16711680 5 71 288 71 288 71 398 71 398 203 398 203 398 0 1 0 3
 16711680 5 372 216 372 216 372 216 372 164 372 164 372 164 0 3 0 3
 16711680 5 450 398 450 398 450 398 450 320 450 320 450 320 0 3 0 3
 16711680 5 595 71 595 71 595 398 595 398 593 398 593 398 0 5 0 3
 16711680 5 385 216 385 216 385 70 385 70 341 70 341 70 0 3 0 4
 16711680 5 398 216 398 216 630 216 630 216 630 78 630 78 0 3 0 5
1
 7004 1 14 366 268 5 0 0 0 3
