Version 0.9.7
5
 4 10 175 77 128 0 1
 5 80 400 206 81 2 2
 0 110 110 877 276 8 3
 1 1010 200 206 81 140 4
 3 1031 290 203 58 154 5
 0
10
 16711680 5 71 189 71 189 71 124 71 124 163 124 163 124 0 1 0 3
 16711680 5 71 288 71 288 71 358 71 358 163 358 163 358 0 1 0 3
 16711680 5 1025 211 1025 211 1025 124 1025 124 930 124 930 124 0 4 0 3
 16711680 5 1025 269 1025 269 1025 358 1025 358 930 358 930 358 0 4 0 3
 16711680 5 410 202 410 202 1066 202 1066 202 1066 211 1066 211 0 3 0 4
 16711680 5 1085 211 1085 211 1085 191 423 191 423 215 423 215 0 4 0 3
 16711680 5 397 124 397 124 397 124 397 202 397 202 397 202 0 3 0 3
 16711680 5 475 280 475 280 475 280 475 358 475 358 475 358 0 3 0 3
 16711680 5 436 215 436 215 436 217 1240 217 1240 334 1217 334 0 3 0 5
 16711680 5 1042 327 1042 327 1042 327 917 327 917 358 917 358 0 5 0 3
1
 7008 1 14 391 228 5 0 0 0 3
