Version 0.9.7
5
 4 10 175 77 128 0 1
 5 80 400 206 81 2 2
 0 244 189 877 276 8 3
 3 396 483 203 58 140 4
 1 264 93 206 81 149 5
 0
10
 16711680 5 71 189 71 189 71 189 297 189 297 203 297 203 0 1 0 3
 16711680 5 71 288 71 288 71 437 71 437 297 437 297 437 0 1 0 3
 16711680 5 407 520 407 520 310 520 310 520 310 437 310 437 0 4 0 3
 16711680 5 279 104 279 104 71 104 71 104 71 202 71 202 0 5 0 1
 16711680 5 279 162 279 162 120 162 120 275 71 275 71 275 0 5 0 1
 16711680 5 401 255 401 255 401 255 401 203 401 203 401 203 0 3 0 3
 16711680 5 479 398 479 398 479 398 479 437 479 437 479 437 0 3 0 3
 16711680 5 414 255 414 255 407 255 407 130 415 130 415 130 0 3 0 5
 16711680 5 427 255 427 255 424 255 424 130 434 130 434 130 0 3 0 5
 16711680 5 440 255 440 255 433 255 433 527 442 527 442 527 0 3 0 4
1
 7032 1 14 395 307 5 0 0 0 3
