Version 0.9.7
5
 4 10 175 77 128 0 1
 5 80 400 206 81 2 2
 0 202 180 877 276 8 3
 1 273 81 206 81 140 4
 3 286 479 203 58 150 5
 0
10
 16711680 5 297 516 297 516 297 428 297 428 294 428 294 428 0 5 0 3
 16711680 5 71 288 71 288 71 447 255 447 255 428 255 428 0 1 0 3
 16711680 5 71 189 71 189 71 92 71 92 288 92 288 92 0 1 0 4
 16711680 5 288 150 288 150 170 150 170 428 268 428 268 428 0 4 0 3
 16711680 5 255 194 255 194 71 194 71 194 71 202 71 202 0 3 0 1
 16711680 5 372 246 372 246 372 246 372 194 372 194 372 194 0 3 0 3
 16711680 5 385 246 385 246 378 246 378 118 386 118 386 118 0 3 0 4
 16711680 5 398 246 398 246 398 118 398 118 405 118 405 118 0 3 0 4
 16711680 5 411 246 411 246 405 246 405 523 412 523 412 523 0 3 0 5
 16711680 5 450 350 450 350 450 350 450 428 450 428 450 428 0 3 0 3
1
 7086 1 14 366 298 5 0 0 0 3
